1.477404177730177E-4
1.9565
4230

1.920339268755614E-4
1.925
3680

2.894751026819746E-4
1.875
3450

4.349905111115636E-4
1.825
3295

6.520421871892662E-4
1.775
3130

9.748073694078696E-4
1.725
2960

1.453721560187286E-3
1.675
2830

2.162887202930376E-3
1.625
2680

3.209559783129881E-3
1.575
2460

3.904368218691249E-3
1.55
2225

3.222942271262336E-3
1.575
2015

2.203329542297809E-3
1.625
1890

1.511001028891904E-3
1.675
1810

8.609957592468259E-4
1.75
1730

4.086146797305117E-4
1.85
1595

1.954473210037398E-4
1.95
1520

5.431896266462351E-5
2.125
1420

8.847742581674416E-6
2.375
1360

1.456922328720298E-6
2.625
1315

2.419485191895565E-7
2.875
1280

1.657956321067612E-8
3.25
1220

4.745469537157371E-10
3.75
1185

1.379746590025088E-11
4.25
1150

4.070157961147882E-13
4.75
1100

2.938236954847331E-14
5.125
1060

1.228597370774746E-14
5.25
1025

2.916938264100495E-14
5.125
980

3.855099424807451E-13
4.75
945

1.185097045689854E-11
4.25
905

3.566129470974951E-10
3.75
860

1.045513263966272E-8
3.25
810

1.291159200846216E-7
2.875
780

6.824429329105383E-7
2.625
750

3.569169672385163E-6
2.375
700

1.839015095899579E-5
2.125
640

5.71117468873424E-5
1.95
600

9.226557091973427E-5
1.875
550

9.337991957131389E-5
1.875
250

7.225247327590413E-5
1.925
100

5.792684957074546E-5
1.975
60

5.20614107320588E-5
1.999
0

